0.15498124897185953	
0.055279603456112915	
0.5815059324845117	
0.046092436120630506	
0.0020879925762460026	
0.378448654444588	
0.07563753107451143	
0.0022967918338706026	
0.0015659944321845018	
5.219981440615006E-5	
0.009917964737168512	
0.12914234084081525	
0.062378778215349324	
0.23458596594123837	
0.0017747936898091022	
0.06154358118485092	
5.219981440615006E-5	
0.5839071239471946	
0.05856819176370037	
0.2179342251456765	
0.003653987008430504	
5.219981440615006E-5	
0.0021401923906521525	
5.219981440615006E-5	
0.012945553972725215	
0.019157331887057073	
0.07255774202454858	
0.010596562324448463	
0.03810586451648954	
0.01769573708368487	
0.0032363884931813037	
0.011066360654103814	
0.026674105161542682	
0.004645783482147356	
4.175985152492005E-4	
0.05543620289933136	
5.219981440615006E-5	
5.219981440615006E-5	
0.004228184966898155	
5.219981440615006E-5	
5.219981440615006E-5	
1.0439962881230012E-4	
5.219981440615006E-5	
0.011588358798165313	
5.219981440615006E-5	
0.018791933186214024	
0.009448166407513161	
0.0014093949889660516	
0.010126763994793111	
5.219981440615006E-5	
